table_activemesh = [
1 1920 60456
1 1920 60456
1 1920 60456
1 1920 60456
1 1920 60456
1 1920 60456
1 1920 60456
1 1920 60456
1 1920 60456
1 1920 60456
];
