vector_clocktime = [
328.4294726850
138.4294888189
130.224754
136.4294637538
138.4294939568
132.4294615566
134.297347
136.33442
131.4294468666
135.4294316612
];
