table_solvesteps = [
15624544 0
15624544 0
15624544 0
15624544 0
15624544 0
15624544 0
15624544 0
15624544 0
15624544 0
15624544 0
];
